	[Abort List]
	OID	CID	Delay	Abort
[1]	298	0	0	6
[2]	117	0	0	45
[3]	274	0	0	50
[4]	206	0	0	97
[5]	370	0	0	501
[6]	105	0	0	601
[7]	106	0	0	601
[8]	205	0	0	601
[9]	107	0	0	603
[10]	108	0	0	604
[11]	101	1	16	617
[12]	102	1	16	617
[13]	103	1	16	617
[14]	122	2	366	616
[15]	142	2	115	616
[16]	104	2	15	616
	[Timeout List]
	OID	CID	Delay	Departure
[1]	272	1	500	506
[2]	119	2	109	565
[3]	111	1	500	510
[4]	267	2	535	616
[5]	116	1	504	516
[6]	135	1	15	523
[Total Delay]
2707 min.
[Failure Percentage]
78.57 %
